44.389355, -79.690331
44.166668, -77.383331
43.683334, -79.76667
43.166668, -80.25
43.328674, -79.817734
51.049999, -114.066666
45.0275, -74.739998
53.631611, -113.323975
56.732014, -111.375961
43.549999, -80.25
44.65107, -63.582687
44.349998, -78.75
49.766666, -94.48333
44.233334, -76.5
43.452969, -80.495064
49.694168, -112.832779
42.983612, -81.249725
43.856098, -79.337021
50.041668, -110.677498
43.59531, -79.640579
45.508888, -73.561668
50.393333, -105.551941
49.165882, -123.940063
43.060001, -79.106667
43.897095, -78.865791
45.424721, -75.695
44.566666, -80.933334
45.826653, -77.110886
44.299999, -78.316666
43.838413, -79.086761
50.44521, -104.618896
49.166592, -123.133568
45.273918, -66.067657
42.999443, -82.308891
46.533333, -84.349998
43.159374, -79.246864
47.560539, -52.71283
42.778828, -81.175369
43.370834, -80.981941
46.493919, -80.995415
49.104431, -122.801094
48.382221, -89.246109
43.65107, -79.347015
46.349998, -72.550003
48.099998, -77.783333
43.837208, -79.508278
43.466667, -80.51667
42.992157, -79.248253
49.895077, -97.138451
43.130554, -80.746666